 U238 SLy4
 0002 0002 0002 0002								  
 0.03000000E+00								        
 0500 0025 0000                                                    
 0100 0000                                                         
 0146 0092                                                          
Sly4                                                                                 
 0004 0001 0000                                                     
 1.25000000E+03 0.05000000E+02 0.00000000E+00 1.00000000E+00        
 1.25000000E+03 0.05000000E+02 0.00000000E+00    
 5.00000000E-08 3.00000000E-03 0.01000000E+00 1.00000000E-05        
 0001 0000 0000                                                     
 0.10000000E+00 0.02000000E+00 4.00000000E+00                        
 0.00000000E+00 0.00000000E+00                                      
 0.00000000E+00 1.00000000E+00                                      
 0.00000000E+03 0.00000000E+00    
